0.39747727494976737
0.017525495790291022
0.25362397664096636
0.4364770905747603
0.5125019243541331
0.21605561149173938
0.530254243680996
1.0447104449631543
0.52282070822499
0.05502159186368208
0.03167073484128547
0.6507018688657531
0.597674761363699
0.5326164159692688
0.6665788678548726
0.553502685494823
0.2587168196993395
0.16286884989505748
0.706239570943061
0.791317655019449
1.3931103249236754
0.7432188711610243
0.04190501526344817
0.07913700760102042
0.24247285250413622
0.8238081932328185
0.04308984247530208
0.3365296681958671
0.5850261010685585
0.6110055761215688
0.3917352295766863
0.7617193816243504
1.296492611066625
0.2061724683321182
0.36373714870460006
0.9897769716092047
0.4678241367972859
0.7710002064330035
0.29399549394811936
0.108961882988009
1.3386199923643294
0.05127346582224591
0.10122670686886667
0.6914007882339118
0.4218791301825977
0.3023204504263377
1.0626015065785117
1.161085760019521
0.5816602423251424
0.5816510234498808
1.303438550743491
0.25223667213226486
1.2601533379690102
0.40830004673348497
1.1737062564289547
0.09383739292711116
0.528698280891008
0.541897579491959
0.6597624982636293
0.0806181734398289
0.28411472211972705
0.03727743488248023
0.40715882990004415
1.1201570130435525
0.1687270474768011
0.6822169922736565
0.8178893974883108
1.1892957076873885
1.3125896708513451
0.8072769297403075
0.9068559872586239
0.4195112165356528
0.5253356251680064
0.3979574047451339
1.2043942692968166
1.1287526120707134
0.04116032308973528
1.1262672326449172
1.4525729638674876
1.2151509142369685
1.2479628554673423
1.4781670520739532
0.20431184714769024
0.981063320917757
0.8752400064611955
0.9160826978446006
0.08201644932983537
0.027571554615214138
0.9169256327004157
0.22651596612276317
0.08930650315321292
0.9722171636234624
0.17321543819802673
0.15059642163056572
0.5569631015840835
0.4878627982127505
0.5597501741376951
0.27719734335263624
1.3979492227034533
0.8297036466266577
count = 100