0.3783297240908118
0.017523701843078165
0.2483865455646561
0.4115515460282908
0.4735990534446981
0.21278491262174004
0.48755704693772983
0.8072610737073429
0.481737058562808
0.05496616882634864
0.031660152252840135
0.576868467538315
0.5387080119343882
0.4893990064528534
0.5879418172916492
0.5055284347698329
0.253165753566731
0.1614512440691256
0.614901332128249
0.6694243620517198
0.9482116425644834
0.6391470415259146
0.04188051224952538
0.07897242272231819
0.23788183880852098
0.6890904847572116
0.04306320334669078
0.32462449203274535
0.5293365156179428
0.548472559883694
0.3733613334592335
0.6509594187044323
0.9137946254133695
0.20332351946691607
0.348860015251778
0.7802604325931746
0.43757721542168027
0.6568063298570361
0.28593901045547054
0.10853370542295493
0.9291935956503353
0.051228604459092275
0.10088306565247007
0.6049313362127433
0.3992242757312934
0.29358428613264187
0.8157396010551353
0.8597998448355374
0.5268252228016005
0.5268183344246052
0.9163768508645057
0.24708265592340772
0.8999981145304052
0.38764104836853885
0.8651411844702974
0.09356341197207407
0.4863417786912474
0.49660126739810384
0.5832075516654108
0.08044419774217293
0.2768201931571158
0.03726018226811145
0.38666250744760655
0.8420112422853291
0.16715269999760707
0.598691091549607
0.6855543229103291
0.871647856944035
0.9197525389883868
0.6791623707488504
0.7365900530440287
0.39721242815352853
0.48371007167515834
0.37874427983529313
0.8778550950775867
0.8458072293347054
0.04113710246401481
0.8447129645904945
0.9678753166762764
0.8822214379933647
0.8952596107233143
0.9760076143478429
0.2015381079998787
0.7758396085768625
0.718965916317663
0.7416298492307268
0.0818332880450452
0.0275645712543805
0.7420879710205965
0.2227568914261725
0.08907020704715651
0.7713119870348943
0.1715136097529949
0.1494731939506475
0.5081734392836844
0.45389078747705336
0.5102981175399817
0.2704079136934273
0.9498533380839381
0.692592338601678
